0	1.09168
0.018	1.09156
0.036	1.0907
0.054	1.08408
0.072	0.989059
0.09	0.941703
0.108	0.892568
0.126	0.853226
0.144	0.828236
0.162	0.810703
0.18	0.792789
0.198	0.780748
0.216	0.770674
0.234	0.757
0.252	0.744549
0.27	0.763122
0.288	0.923995
0.306963	1.23145
0.324369	1.51091
0.341776	1.69482
0.359183	1.72294
0.376589	1.66841
0.393996	1.57353
0.411403	1.47705
0.428809	1.38531
0.446216	1.28776
0.463623	1.20466
0.481029	1.14194
0.498436	1.10814
0.515842	1.10473
0.533249	1.09741
0.550656	1.08689
0.568062	1.06584
0.585469	1.02543
0.602876	0.978455
0.620282	0.936457
0.637689	0.900129
0.65534	0.874574
0.673967	0.857914
0.692594	0.837403
0.711222	0.823061
0.729849	0.816297
0.748476	0.80318
0.767104	0.793996
0.785731	0.775307
0.804358	0.771411
0.822986	0.792943
0.841613	0.91365
0.860241	1.15741
0.878868	1.48767
0.897495	1.76218
0.916123	1.87136
0.93475	1.85259
0.953377	1.76628
0.972005	1.66568
0.990632	1.57894
1.00926	1.49772
1.02789	1.38854
1.04713	1.28974
1.06638	1.21346
1.08563	1.169
1.10487	1.14851
1.12412	1.12849
1.14337	1.11197
1.16261	1.07425
1.18186	1.02917
1.20111	0.975936
1.22036	0.927401
1.2396	0.888467
1.25885	0.866409
1.2781	0.834574
1.29734	0.827752
1.31659	0.814792
1.33584	0.795744
1.35508	0.779788
1.37433	0.759565
1.39358	0.748973
1.41282	0.753905
1.43231	0.801614
1.45186	0.974676
1.47141	1.294
1.49095	1.66959
1.5105	1.94073
1.53005	2.04009
1.54959	2.01164
1.56914	1.91828
1.58869	1.82832
1.60823	1.74337
1.62778	1.63495
1.64733	1.51054
1.66687	1.39626
1.68642	1.31001
1.70597	1.2617
1.72551	1.24316
1.74506	1.22366
1.76461	1.19508
1.78415	1.15512
1.8037	1.09929
1.82333	1.03901
1.83908	0.995965
1.85484	0.957373
1.87059	0.924297
1.88634	0.897006
1.90209	0.873416
1.91784	0.85574
1.9336	0.838407
1.94935	0.823509
1.9651	0.812815
1.98085	0.790736
1.9966	0.77815
2.01235	0.761894
2.02811	0.747096
2.04386	0.740381
2.05961	0.735497
2.07536	0.767947
2.09111	0.881776
2.10687	1.10913
2.12262	1.41127
2.13837	1.69607
2.15412	1.90486
2.16987	1.98597
2.18562	1.98048
2.20138	1.92045
2.21716	1.83815
2.23297	1.76324
2.24878	1.68507
2.26459	1.611
2.2804	1.5194
2.29621	1.41548
2.31202	1.32325
2.32783	1.2406
2.34365	1.18555
2.35946	1.14893
2.37527	1.12198
2.39108	1.11154
2.40689	1.10396
2.4227	1.09248
2.43851	1.06953
2.45432	1.03781
2.47013	1.00565
2.48594	0.96779
2.50176	0.938362
2.51757	0.908046
2.53338	0.881691
2.54919	0.860321
2.565	0.840964
2.58081	0.83069
2.59662	0.816654
2.61244	0.799568
2.62828	0.784877
2.64411	0.762275
2.65995	0.748058
2.67579	0.733165
2.69162	0.71968
2.70746	0.716223
2.7233	0.735744
2.73913	0.820422
2.75497	1.02736
2.77081	1.33184
2.78664	1.63767
2.80248	1.86509
2.81832	1.96954
2.83415	1.96635
2.84999	1.89942
2.86583	1.81036
2.88166	1.7155
2.8975	1.63348
2.91334	1.55359
2.92917	1.46113
2.94501	1.36784
2.96085	1.27794
2.97668	1.21491
2.99252	1.17487
3.00836	1.14889
3.02419	1.14259
3.04001	1.1356
3.05584	1.11576
3.07167	1.0833
3.0875	1.049
3.10333	1.00351
3.11916	0.948556
3.13499	0.912117
3.15082	0.873487
3.16665	0.843474
3.18248	0.827303
3.19831	0.809024
3.21413	0.795902
3.22996	0.780407
3.24579	0.766311
3.26162	0.752328
3.27745	0.737372
3.29328	0.719596
3.30911	0.708848
3.32494	0.69973
3.34077	0.707795
3.3566	0.785311
3.37243	0.968556
3.38825	1.26425
3.40408	1.57473
3.41992	1.82016
3.43575	1.93745
3.45159	1.95034
3.46742	1.88826
3.48326	1.79582
3.4991	1.70421
3.51493	1.61445
3.53077	1.52964
3.5466	1.43266
3.56244	1.33218
3.57828	1.23993
3.59411	1.17054
3.60995	1.12918
3.62578	1.10306
3.64162	1.09032
3.65745	1.0817
3.67329	1.05901
3.68913	1.02972
3.70496	0.987527
3.7208	0.942101
3.73663	0.891334
3.75247	0.846556
3.7683	0.807305
3.78414	0.773425
3.79998	0.750307
3.81582	0.735412
3.83167	0.721852
3.84752	0.709297
3.86337	0.701021
3.87922	0.686395
3.89507	0.675054
3.91092	0.656692
3.92677	0.640961
3.94262	0.64363
3.95847	0.672688
3.97432	0.778361
3.99017	1.01155
4.00602	1.35472
4.02187	1.68652
4.03772	1.93323
4.05357	2.05418
4.06942	2.0643
4.08527	1.99928
4.10112	1.91534
4.11697	1.83136
4.13282	1.75469
4.14867	1.68527
4.16452	1.59126
4.18037	1.48523
4.19622	1.37166
4.21207	1.27805
4.22793	1.20374
4.24378	1.15655
4.25964	1.12841
4.2755	1.10901
4.29135	1.08449
4.30721	1.05526
4.32306	1.01041
4.33892	0.964752
4.35477	0.911759
4.37063	0.866376
4.38649	0.827526
4.40234	0.788716
4.4182	0.760599
4.43405	0.735103
4.44991	0.717861
4.46576	0.700517
4.48162	0.68301
4.49748	0.665816
4.51333	0.652681
4.52919	0.642247
4.54504	0.630642
4.5609	0.622254
4.57676	0.636187
4.59261	0.693587
4.60847	0.864172
4.62431	1.16639
4.64014	1.51231
4.65598	1.80882
4.67182	1.98776
4.68766	2.03915
4.7035	2.00253
4.71934	1.91939
4.73518	1.83545
4.75101	1.75298
4.76685	1.68074
4.78269	1.59444
4.79853	1.48792
4.81437	1.37199
4.83021	1.25335
4.84605	1.1667
4.86188	1.10323
4.87772	1.05813
4.89356	1.03672
4.9094	1.01658
4.92524	0.992286
4.94108	0.95322
4.95692	0.909344
4.97275	0.860609
4.98859	0.809805
5.00443	0.764732
5.02028	0.728422
5.03614	0.697922
5.05199	0.678709
5.06784	0.661669
5.0837	0.649662
5.09955	0.637814
5.11541	0.628826
5.13126	0.61923
5.14711	0.606366
5.16297	0.600712
5.17882	0.593234
5.19467	0.591201
5.21053	0.619643
5.22638	0.719108
5.24224	0.949844
5.25809	1.28011
5.27394	1.61081
5.2898	1.85509
5.30565	1.9626
5.32151	1.95948
5.33736	1.88789
5.35321	1.78849
5.36907	1.70481
5.38492	1.62996
5.40078	1.55984
5.41663	1.46864
5.43248	1.35734
5.44833	1.24994
5.46418	1.15847
5.48003	1.10431
5.49588	1.07909
5.51173	1.07043
5.52758	1.06576
5.54343	1.04789
5.55928	1.01663
5.57513	0.980055
5.59098	0.936644
5.60683	0.890394
5.62268	0.843722
5.63853	0.814933
5.65438	0.785862
5.67023	0.760759
5.68608	0.745623
5.70193	0.72845
5.71778	0.715241
5.73363	0.702754
5.74948	0.685773
5.76533	0.672333
5.78118	0.653579
5.79703	0.643726
5.81288	0.632938
5.82872	0.655139
5.84456	0.754108
5.8604	0.971512
5.87625	1.30736
5.89209	1.64714
5.90793	1.89722
5.92377	2.01354
5.93962	2.01481
5.95546	1.94722
5.9713	1.85037
5.98714	1.75616
6.00299	1.68102
6.01883	1.59076
6.03467	1.49112
6.05051	1.3741
6.06636	1.26254
6.0822	1.17878
6.09804	1.11955
6.11388	1.08746
6.12973	1.06768
6.14557	1.04919
6.16141	1.03194
6.17725	0.999712
6.1931	0.964588
6.20894	0.914354
6.22479	0.862817
6.24063	0.814348
6.25648	0.769982
6.27233	0.746012
6.28818	0.72152
6.30403	0.70335
6.31988	0.691917
6.33572	0.681542
6.35157	0.671924
6.36742	0.658946
6.38327	0.638626
6.39912	0.633924
6.41496	0.623462
6.43081	0.613007
6.44666	0.616113
6.46251	0.66534
6.47836	0.81627
6.4942	1.11085
6.51005	1.49095
6.5259	1.83937
6.54175	2.0709
6.5576	2.16142
6.57345	2.14861
6.58929	2.07015
6.60514	1.97934
6.62101	1.89118
6.63688	1.81241
6.65275	1.72848
6.66863	1.61108
6.6845	1.47962
6.70037	1.345
6.71625	1.23527
6.73212	1.15981
6.74799	1.11224
6.76387	1.08914
6.77974	1.07325
6.79561	1.05328
6.81148	1.02163
6.82736	0.977348
6.84323	0.931812
6.8591	0.876197
6.87498	0.825161
6.89085	0.78853
6.90672	0.750367
6.9226	0.724096
6.93847	0.704743
6.95434	0.692112
6.97021	0.683639
6.98609	0.667179
7.00196	0.657613
7.01783	0.642185
7.0337	0.633426
7.04957	0.624262
7.06544	0.610386
7.08132	0.609498
7.09719	0.616868
7.11306	0.657243
7.12893	0.797131
7.1448	1.07959
7.16067	1.45173
7.17654	1.79749
7.19241	2.02933
7.20828	2.12109
7.22416	2.10131
7.24003	2.02711
7.2559	1.93837
7.27177	1.85785
7.28764	1.79215
7.30351	1.71774
7.31938	1.6139
7.33525	1.48759
7.35112	1.35576
7.36699	1.25271
7.38287	1.16805
7.39874	1.12615
7.4146	1.0973
7.43046	1.07774
7.44632	1.0526
7.46217	1.01617
7.47803	0.971149
7.49388	0.914003
7.50974	0.859782
7.52559	0.809351
7.54145	0.764035
7.55731	0.726077
7.57316	0.689272
7.58902	0.663994
7.60487	0.643135
7.62073	0.624781
7.63659	0.622108
7.65244	0.613129
7.6683	0.599674
7.68415	0.589447
7.70001	0.581478
7.71586	0.571475
7.73172	0.557954
7.74758	0.544158
7.76343	0.536502
7.77929	0.531656
7.79514	0.541705
7.811	0.602624
7.82688	0.774832
7.84276	1.09566
7.85865	1.48281
7.87453	1.81763
7.89041	2.02061
7.90629	2.088
7.92218	2.05164
7.93806	1.96586
7.95394	1.87457
7.96982	1.7824
7.98571	1.70837
8.00159	1.62287
8.01747	1.50848
8.03335	1.38138
8.04923	1.25408
8.06511	1.1586
8.08099	1.09354
8.09687	1.0615
8.11275	1.04644
8.12863	1.03423
8.14451	1.01067
8.16039	0.978259
8.17628	0.931861
8.19216	0.884503
8.20804	0.834321
8.22391	0.788322
8.23978	0.753169
8.25566	0.71822
8.27153	0.692782
8.2874	0.670585
8.30328	0.648037
8.31915	0.637518
8.33502	0.628807
8.35089	0.625208
8.36677	0.621463
8.38264	0.619177
8.39851	0.620768
8.41439	0.612581
8.43026	0.605933
8.44613	0.595179
8.46201	0.587733
8.47788	0.579785
8.49375	0.565951
8.50962	0.555187
8.5255	0.56021
8.54137	0.614936
8.55724	0.777013
8.57312	1.08249
8.58899	1.46764
8.60486	1.79629
8.62072	1.99749
8.63657	2.05503
8.65242	2.01119
8.66827	1.91724
8.68412	1.80373
8.69997	1.71113
8.71582	1.63372
8.73167	1.54416
8.74752	1.43918
8.76337	1.32784
8.77922	1.21333
8.79507	1.1351
8.81092	1.08885
8.82677	1.06677
8.84262	1.04927
8.85847	1.03476
8.87432	1.00367
8.89017	0.964168
8.90602	0.91163
8.92188	0.860376
8.93773	0.805527
8.95358	0.758273
8.96943	0.71995
8.98528	0.685467
9.00113	0.662563
9.01698	0.640142
9.03283	0.627359
9.04868	0.61714
9.06453	0.611271
9.08038	0.610582
9.09623	0.600388
9.11208	0.596352
9.12793	0.589603
9.14378	0.581501
9.15963	0.57419
9.17548	0.56588
9.19133	0.555454
9.20718	0.550186
9.22303	0.541107
9.23888	0.562244
9.25473	0.641109
9.27058	0.839976
9.28643	1.17592
9.30228	1.54296
9.31813	1.84123
9.33398	2.00249
9.34983	2.03349
9.36568	1.98207
9.38153	1.89202
9.39738	1.80334
9.41323	1.72331
9.42908	1.64841
9.44493	1.5655
9.46079	1.45422
9.47664	1.3386
9.4925	1.23175
9.50835	1.15153
9.5242	1.09543
9.54006	1.06088
9.55591	1.0423
9.57177	1.02717
9.58762	1.00386
9.60347	0.969724
9.61933	0.927156
9.63518	0.883945
9.65104	0.830754
9.66689	0.786757
9.68274	0.746885
9.6986	0.709293
9.71445	0.68407
9.7303	0.658103
9.74616	0.644528
9.76201	0.630452
9.77787	0.624636
9.79372	0.615373
9.80957	0.606385
9.82543	0.607271
9.8413	0.600314
9.85716	0.59737
9.87302	0.595417
9.88888	0.587988
9.90474	0.581429
9.9206	0.572218
9.93646	0.566157
9.95233	0.567819
9.96819	0.596765
9.98405	0.707643
9.99991	0.943963
10.0158	1.29227
10.0316	1.64344
10.0475	1.88981
10.0634	2.01126
10.0792	2.01996
10.0951	1.95152
10.1109	1.85677
10.1268	1.76438
10.1427	1.69281
10.1585	1.6266
10.1744	1.54273
10.1902	1.43828
10.2061	1.32615
10.222	1.23063
10.2378	1.15034
10.2537	1.10112
10.2695	1.06748
10.2853	1.04986
10.3012	1.03809
10.317	1.00958
10.3329	0.96949
10.3487	0.9269
10.3646	0.871238
10.3804	0.822116
10.3963	0.777644
10.4121	0.738702
10.428	0.711273
10.4438	0.688559
10.4597	0.670641
10.4755	0.653605
10.4914	0.642771
10.5072	0.631882
10.523	0.627947
10.5389	0.626214
10.5547	0.620806
10.5706	0.617517
10.5864	0.610731
10.6023	0.60849
10.6181	0.601382
10.634	0.589246
10.6498	0.581998
10.6657	0.581145
10.6815	0.577434
10.6974	0.585184
10.7132	0.647223
10.7291	0.826884
10.745	1.19828
10.7608	1.54243
10.7767	1.81095
10.7925	1.95549
10.8084	1.9786
10.8242	1.92402
10.8401	1.83529
10.8559	1.73265
10.8718	1.64668
10.8876	1.56948
10.9035	1.48922
10.9193	1.39177
10.9352	1.28338
10.9511	1.19352
10.9669	1.11733
10.9828	1.06458
10.9986	1.02299
11.0145	0.993662
11.0303	0.970086
11.0462	0.937009
11.0621	0.898826
11.0779	0.856445
11.0938	0.812652
11.1097	0.769146
11.1255	0.734554
11.1414	0.712959
11.1573	0.694147
11.1731	0.675562
11.189	0.663401
11.2049	0.648077
11.2207	0.641404
11.2366	0.633876
11.2524	0.626203
11.2683	0.623977
11.2842	0.620479
11.3	0.625253
11.3159	0.623196
11.3318	0.619207
11.3476	0.615439
11.3635	0.606713
11.3794	0.602209
11.3952	0.599788
11.4111	0.594076
11.427	0.616999
11.4428	0.690744
11.4587	0.864451
11.4746	1.16517
11.4904	1.50743
11.5063	1.77709
11.5222	1.92448
11.538	1.95335
11.5539	1.89419
11.5698	1.79599
11.5856	1.69908
11.6015	1.60458
11.6174	1.52778
11.6332	1.44834
11.6491	1.35459
11.6649	1.26123
11.6808	1.17943
11.6967	1.12099
11.7125	1.08563
11.7284	1.06222
11.7443	1.05289
11.7601	1.04653
11.776	1.03069
11.7919	1.00957
11.8077	0.968775
11.8236	0.929757
11.8395	0.879163
11.8553	0.837822
11.8712	0.801901
11.8871	0.769109
11.9029	0.741847
11.9188	0.72582
11.9347	0.709142
11.9505	0.69925
11.9664	0.688349
11.9823	0.684817
11.9981	0.678891
12.014	0.674387
12.0299	0.663713
12.0457	0.650098
12.0616	0.646421
12.0774	0.636235
12.0933	0.63455
12.1092	0.665072
12.125	0.766457
12.1409	0.977987
12.1568	1.28396
12.1726	1.58825
12.1885	1.81246
12.2044	1.91653
12.2202	1.907
12.2361	1.82971
12.252	1.72969
12.2678	1.63354
12.2837	1.54014
12.2995	1.45964
12.3154	1.36755
12.3313	1.27115
12.3471	1.18126
12.363	1.10746
12.3788	1.0625
12.3947	1.03647
12.4106	1.02363
12.4264	1.01276
12.4423	0.996086
12.4582	0.97327
12.474	0.943517
12.4899	0.904542
12.5057	0.858766
12.5216	0.811331
12.5375	0.776028
12.5533	0.738498
12.5692	0.718331
12.585	0.698163
12.6009	0.676785
12.6168	0.669114
12.6326	0.663134
12.6485	0.658888
12.6644	0.656713
12.6802	0.652674
12.6961	0.652403
12.7119	0.640407
12.7278	0.637079
12.7437	0.626715
12.7595	0.619849
12.7754	0.619705
12.7912	0.632085
12.8071	0.698595
12.823	0.870295
12.8388	1.1565
12.8547	1.50506
12.8706	1.79532
12.8864	1.97466
12.9023	2.03079
12.9181	1.99181
12.934	1.90382
12.9499	1.81134
12.9657	1.72811
12.9816	1.64802
12.9974	1.56847
13.0133	1.4703
13.0292	1.36104
13.045	1.26422
13.0609	1.19271
13.0767	1.13588
13.0925	1.10702
13.1084	1.08872
13.1242	1.07271
13.1401	1.0536
13.1559	1.02731
13.1718	0.983682
13.1876	0.941413
13.2035	0.89179
13.2193	0.850286
13.2352	0.809048
13.251	0.775101
13.2669	0.753708
13.2827	0.73418
13.2985	0.72353
13.3144	0.718252
13.3302	0.704992
13.3461	0.696621
13.3619	0.690308
13.3778	0.683009
13.3936	0.672965
13.4095	0.663135
13.4253	0.658167
13.4412	0.644462
13.457	0.642189
13.4729	0.6571
13.4888	0.724472
13.5046	0.90513
13.5205	1.20825
13.5364	1.55603
13.5522	1.84441
13.5681	2.01643
13.5839	2.06324
13.5998	2.01195
13.6157	1.92476
13.6315	1.83191
13.6474	1.74594
13.6632	1.66666
13.6791	1.58045
13.695	1.4859
13.7108	1.37631
13.7267	1.27094
13.7426	1.19371
13.7584	1.13837
13.7743	1.10171
13.7901	1.08074
13.806	1.05888
13.8219	1.03584
13.8377	0.999642
13.8536	0.956271
13.8695	0.909026
13.8854	0.85977
13.9012	0.81527
13.9171	0.769316
13.933	0.736083
13.9489	0.709907
13.9648	0.69063
13.9806	0.680316
13.9965	0.672433
14.0124	0.671263
14.0283	0.670959
14.0441	0.663389
14.06	0.660873
14.0759	0.653956
14.0918	0.646615
14.1076	0.631408
14.1235	0.621304
14.1394	0.617557
14.1553	0.62225
14.1712	0.676921
14.187	0.826781
14.2029	1.09995
14.2188	1.45816
14.2346	1.76027
14.2505	1.95082
14.2664	2.00482
14.2822	1.96287
14.2981	1.87071
14.314	1.76208
14.3298	1.67152
14.3457	1.59592
14.3616	1.51299
14.3774	1.42342
14.3933	1.32193
14.4092	1.23447
14.425	1.16779
14.4409	1.12968
14.4568	1.11374
14.4726	1.10753
14.4885	1.10436
14.5044	1.08323
14.5202	1.04968
14.5361	1.0107
14.552	0.964034
14.5678	0.916595
14.5837	0.87075
14.5996	0.833865
14.6154	0.804165
14.6313	0.779922
14.6471	0.760071
14.663	0.742304
14.6789	0.735062
14.6947	0.727259
14.7106	0.715989
14.7264	0.711758
14.7423	0.700319
14.7582	0.688477
14.774	0.678186
14.7899	0.661924
14.8058	0.660157
14.8216	0.662405
14.8375	0.716044
14.8533	0.876164
14.8692	1.158
14.8851	1.50149
14.9009	1.78688
14.9168	1.9607
14.9326	2.01134
14.9485	1.96272
14.9644	1.87271
14.9802	1.76834
14.9961	1.67196
15.012	1.59408
15.0278	1.50876
15.0437	1.41003
15.0595	1.30886
15.0754	1.22168
15.0913	1.15622
15.1071	1.11506
15.123	1.09839
15.1388	1.08756
15.1547	1.08246
15.1706	1.06383
15.1864	1.02784
15.2023	0.990943
15.2182	0.940503
15.234	0.891996
15.2499	0.847266
15.2657	0.806234
15.2816	0.776213
15.2975	0.754025
15.3133	0.733445
15.3292	0.7242
15.345	0.712806
15.3609	0.708233
15.3768	0.69907
15.3926	0.689203
15.4085	0.673365
15.4244	0.663915
15.4402	0.650585
15.4561	0.643214
15.4719	0.633232
15.4878	0.637186
15.5037	0.682353
15.5195	0.814833
15.5354	1.09507
15.5512	1.46879
15.5671	1.82115
15.583	2.05794
15.5988	2.15551
15.6147	2.14679
15.6306	2.06349
15.6464	1.96274
15.6623	1.87275
15.6781	1.79699
15.694	1.72979
15.7099	1.63554
15.7257	1.51713
15.7416	1.39979
15.7574	1.29099
15.7733	1.21557
15.7892	1.16665
15.805	1.1445
15.8209	1.1328
15.8367	1.11013
15.8526	1.08141
15.8684	1.03695
15.8843	0.991543
15.9001	0.942725
15.916	0.886783
15.9318	0.84036
15.9477	0.795505
15.9635	0.769133
15.9794	0.743169
15.9952	0.722139
16.011	0.715158
16.0269	0.701856
16.0427	0.694436
16.0586	0.685465
16.0744	0.674169
16.0903	0.665503
16.1061	0.658156
16.122	0.652661
16.1378	0.643053
16.1537	0.629016
16.1695	0.624775
16.1854	0.619359
16.2012	0.649834
16.217	0.766864
16.2329	1.02533
16.2488	1.39757
16.2646	1.76231
16.2805	2.03175
16.2964	2.15792
16.3122	2.16072
16.3281	2.08804
16.3439	1.98876
16.3598	1.88742
16.3757	1.80572
16.3915	1.73131
16.4074	1.64319
16.4232	1.52803
16.4391	1.40601
16.455	1.29854
16.4708	1.20759
16.4867	1.1554
16.5026	1.12773
16.5184	1.10818
16.5343	1.09287
16.5501	1.06497
16.566	1.03019
16.5819	0.979806
16.5977	0.927112
16.6136	0.872116
16.6294	0.82506
16.6453	0.788942
16.6611	0.755549
16.677	0.727074
16.6929	0.707516
16.7087	0.693978
16.7246	0.678506
16.7404	0.669832
16.7563	0.662651
16.7721	0.658672
16.788	0.653634
16.8038	0.644352
16.8197	0.637792
16.8355	0.626865
16.8514	0.618817
16.8672	0.602717
16.8831	0.593612
16.899	0.584932
16.9148	0.598194
16.9307	0.649053
16.9465	0.817305
16.9624	1.13219
16.9782	1.5121
16.9941	1.84543
17.0099	2.04793
17.0258	2.1116
17.0417	2.07085
17.0575	1.97488
17.0734	1.86236
17.0892	1.7673
17.1051	1.68558
17.121	1.60649
17.1368	1.49736
17.1527	1.38027
17.1685	1.27052
17.1844	1.18106
17.2003	1.12309
17.2161	1.09222
17.232	1.08491
17.2479	1.07749
17.2637	1.05713
17.2796	1.02845
17.2954	0.986408
17.3113	0.939169
17.3272	0.881137
17.343	0.826726
17.3589	0.784864
17.3747	0.74498
17.3906	0.717072
17.4065	0.695399
17.4223	0.681277
17.4382	0.665799
17.4541	0.657594
17.47	0.654364
17.4858	0.648011
17.5017	0.642028
17.5176	0.64142
17.5335	0.63857
17.5493	0.633578
17.5652	0.629485
17.5811	0.619492
17.597	0.616082
17.6128	0.609433
17.6287	0.602019
17.6446	0.599994
17.6605	0.625493
17.6764	0.738619
17.6922	0.99295
17.7081	1.353
17.724	1.70929
17.7399	1.9548
17.7557	2.06347
17.7716	2.05052
17.7875	1.95704
17.8034	1.85028
17.8192	1.75025
17.8351	1.66831
17.851	1.58735
17.8669	1.48842
17.8828	1.38484
17.8986	1.28433
17.9145	1.20396
17.9304	1.15212
17.9463	1.12425
17.9621	1.11261
17.978	1.10265
17.9939	1.08514
18.0098	1.06057
18.0256	1.01994
18.0415	0.971406
18.0574	0.91219
18.0733	0.858027
18.0892	0.808092
18.105	0.767948
18.1209	0.737781
18.1368	0.71317
18.1527	0.694802
18.1685	0.684027
18.1844	0.680528
18.2003	0.676398
18.2162	0.670437
18.232	0.664276
18.2479	0.662086